dataset,source_id,target_id
6bba_337b1b3a,814269,814429
6bba_337b1b3a,814270,814359
6bba_337b1b3a,814272,814441
6bba_337b1b3a,814441,814556
6bba_337b1b3a,814556,814633
6bba_337b1b3a,814292,814427
6bba_337b1b3a,814289,814445
6bba_337b1b3a,814445,814575
6bba_337b1b3a,814288,814413
6bba_337b1b3a,814285,814357
6bba_337b1b3a,814296,814437
6bba_337b1b3a,814319,814393
6bba_337b1b3a,814393,814561
6bba_337b1b3a,814318,814439
6bba_337b1b3a,814353,814456
6bba_337b1b3a,814404,814564
6bba_337b1b3a,814455,814559
6bba_337b1b3a,814463,814523
6bba_337b1b3a,814509,814673
6bba_337b1b3a,814513,814659
6bba_337b1b3a,814659,814692
6bba_337b1b3a,814522,814644
6bba_337b1b3a,814644,814730
6bba_337b1b3a,814537,814628
6bba_337b1b3a,814521,814676
6bba_337b1b3a,814676,814828
6bba_337b1b3a,814828,814849
6bba_337b1b3a,814563,814666
6bba_337b1b3a,814552,814663
6bba_337b1b3a,814663,814816
6bba_337b1b3a,814606,814686
6bba_337b1b3a,814686,814808
6bba_337b1b3a,814808,814960
6bba_337b1b3a,814960,815049
6bba_337b1b3a,814631,814772
6bba_337b1b3a,814746,814883
6bba_337b1b3a,814883,815036
6bba_337b1b3a,815036,815123
6bba_337b1b3a,814769,814855
6bba_337b1b3a,814855,815048
6bba_337b1b3a,814764,814899
6bba_337b1b3a,814851,814991
6bba_337b1b3a,814878,815062
6bba_337b1b3a,814873,815012
6bba_337b1b3a,815012,815044
6bba_337b1b3a,814891,815068
6bba_337b1b3a,814898,814979
6bba_337b1b3a,814870,814971
6bba_337b1b3a,814987,815098
6bba_337b1b3a,815098,815132
6bba_337b1b3a,815041,815124
6bba_337b1b3a,815106,815133
6bba_337b1b3a,815133,815229
6bba_337b1b3a,815141,815225
6bba_337b1b3a,815180,815212
6bba_337b1b3a,815171,815249
6bba_337b1b3a,815222,815259
6bba_337b1b3a,815223,815353
6bba_337b1b3a,815353,815365
6bba_337b1b3a,815349,815378
6bba_337b1b3a,815401,815482
6bba_337b1b3a,815390,815468
6bba_337b1b3a,815414,815473
6bba_337b1b3a,815428,815519
6bba_337b1b3a,815519,815598
6bba_337b1b3a,815450,815558
6bba_337b1b3a,815483,815498
6bba_337b1b3a,815475,815523
6bba_337b1b3a,815550,815655
6bba_337b1b3a,815537,815653
6bba_337b1b3a,815539,815583
6bba_337b1b3a,815555,815606
6bba_337b1b3a,815553,815570
6bba_337b1b3a,815566,815605
6bba_337b1b3a,815578,815661
6bba_337b1b3a,815600,815664
6bba_337b1b3a,815657,815716
6bba_337b1b3a,815909,815997
6bba_337b1b3a,815997,816159
6bba_337b1b3a,815668,815735
6bba_337b1b3a,815679,815698
6bba_337b1b3a,815698,815903
6bba_337b1b3a,815671,815703
6bba_337b1b3a,815694,815756
6bba_337b1b3a,815715,815776
6bba_337b1b3a,815714,815773
6bba_337b1b3a,815712,815772
6bba_337b1b3a,815745,815920
6bba_337b1b3a,815920,816019
6bba_337b1b3a,815726,815778
6bba_337b1b3a,815740,815758
6bba_337b1b3a,815758,815865
6bba_337b1b3a,815769,815861
6bba_337b1b3a,815786,815895
6bba_337b1b3a,815800,815844
6bba_337b1b3a,815793,815956
6bba_337b1b3a,815956,816065
6bba_337b1b3a,815823,815914
6bba_337b1b3a,815856,815942
6bba_337b1b3a,815891,815981
6bba_337b1b3a,815965,816020
6bba_337b1b3a,816004,816067
6bba_337b1b3a,816041,816095
6bba_337b1b3a,816071,816133
6bba_337b1b3a,816092,816171
6bba_337b1b3a,816084,816137
6bba_337b1b3a,816114,816226
6bba_337b1b3a,816156,816198
6bba_337b1b3a,816231,816270
6bba_337b1b3a,816258,816290
6bba_337b1b3a,816290,816318
6bba_337b1b3a,816235,816285
6bba_337b1b3a,816236,816278
6bba_337b1b3a,816276,816319
6bba_337b1b3a,816319,816370
6bba_337b1b3a,816284,816342
6bba_337b1b3a,816342,816453
6bba_337b1b3a,816453,816509
6bba_337b1b3a,816301,816315
6bba_337b1b3a,816314,816354
6bba_337b1b3a,816317,816353
6bba_337b1b3a,816336,816369
6bba_337b1b3a,816324,816393
6bba_337b1b3a,816367,816426
6bba_337b1b3a,816426,816476
6bba_337b1b3a,816476,816544
6bba_337b1b3a,816544,816596
6bba_337b1b3a,816364,816425
6bba_337b1b3a,816401,816450
6bba_337b1b3a,816450,816504
6bba_337b1b3a,816403,816457
6bba_337b1b3a,816405,816454
6bba_337b1b3a,816454,816512
6bba_337b1b3a,816512,816560
6bba_337b1b3a,816411,816465
6bba_337b1b3a,816465,816542
6bba_337b1b3a,816542,816615
6bba_337b1b3a,816427,816464
6bba_337b1b3a,816464,816519
6bba_337b1b3a,816449,816500
6bba_337b1b3a,816500,816541
6bba_337b1b3a,816432,816473
6bba_337b1b3a,816473,816549
6bba_337b1b3a,816549,816592
6bba_337b1b3a,816438,816488
6bba_337b1b3a,816488,816547
6bba_337b1b3a,816441,816494
6bba_337b1b3a,816494,816550
6bba_337b1b3a,816461,816511
6bba_337b1b3a,816474,816525
6bba_337b1b3a,816468,816531
6bba_337b1b3a,816531,816579
6bba_337b1b3a,816579,816621
6bba_337b1b3a,816621,816656
6bba_337b1b3a,816656,816682
6bba_337b1b3a,816682,816724
6bba_337b1b3a,816489,816522
6bba_337b1b3a,816522,816583
6bba_337b1b3a,816583,816635
6bba_337b1b3a,816485,816535
6bba_337b1b3a,816481,816530
6bba_337b1b3a,816480,816546
6bba_337b1b3a,816479,816533
6bba_337b1b3a,816477,816523
6bba_337b1b3a,816523,816582
6bba_337b1b3a,816582,816634
6bba_337b1b3a,816634,816663
6bba_337b1b3a,816663,816681
6bba_337b1b3a,816681,816715
6bba_337b1b3a,816478,816526
6bba_337b1b3a,816517,816571
6bba_337b1b3a,816571,816613
6bba_337b1b3a,816613,816660
6bba_337b1b3a,816660,816694
6bba_337b1b3a,816694,816723
6bba_337b1b3a,816787,816810
6bba_337b1b3a,816810,816878
6bba_337b1b3a,816878,816922
6bba_337b1b3a,816543,816593
6bba_337b1b3a,816536,816569
6bba_337b1b3a,816569,816633
6bba_337b1b3a,816537,816588
6bba_337b1b3a,816505,816555
6bba_337b1b3a,816602,816616
6bba_337b1b3a,816616,816658
6bba_337b1b3a,816658,816691
6bba_337b1b3a,816691,816717
6bba_337b1b3a,816773,816801
6bba_337b1b3a,816559,816610
6bba_337b1b3a,816610,816650
6bba_337b1b3a,816650,816677
6bba_337b1b3a,816677,816709
6bba_337b1b3a,816709,816755
6bba_337b1b3a,816755,816772
6bba_337b1b3a,816772,816795
6bba_337b1b3a,816795,816850
6bba_337b1b3a,816850,816892
6bba_337b1b3a,816892,816934
6bba_337b1b3a,816934,816955
6bba_337b1b3a,816955,816986
6bba_337b1b3a,816986,817000
6bba_337b1b3a,817000,817023
6bba_337b1b3a,817023,817039
6bba_337b1b3a,817039,817066
6bba_337b1b3a,817066,817090
6bba_337b1b3a,817090,817140
6bba_337b1b3a,817140,817179
6bba_337b1b3a,817179,817217
6bba_337b1b3a,817217,817244
6bba_337b1b3a,817244,817294
6bba_337b1b3a,817294,817337
6bba_337b1b3a,816561,816611
6bba_337b1b3a,816611,816657
6bba_337b1b3a,816575,816624
6bba_337b1b3a,816624,816688
6bba_337b1b3a,816688,816721
6bba_337b1b3a,816574,816617
6bba_337b1b3a,816617,816659
6bba_337b1b3a,816659,816693
6bba_337b1b3a,816693,816722
6bba_337b1b3a,816567,816648
6bba_337b1b3a,816556,816606
6bba_337b1b3a,816606,816644
6bba_337b1b3a,816644,816673
6bba_337b1b3a,816673,816708
6bba_337b1b3a,816708,816757
6bba_337b1b3a,816757,816779
6bba_337b1b3a,816779,816804
6bba_337b1b3a,816804,816855
6bba_337b1b3a,816855,816898
6bba_337b1b3a,816898,816939
6bba_337b1b3a,816939,816960
6bba_337b1b3a,816589,816626
6bba_337b1b3a,816587,816628
6bba_337b1b3a,816628,816678
6bba_337b1b3a,816678,816713
6bba_337b1b3a,816713,816752
6bba_337b1b3a,816752,816770
6bba_337b1b3a,816770,816792
6bba_337b1b3a,816792,816849
6bba_337b1b3a,816619,816699
6bba_337b1b3a,816618,816666
6bba_337b1b3a,816608,816642
6bba_337b1b3a,816604,816641
6bba_337b1b3a,816623,816661
6bba_337b1b3a,816603,816647
6bba_337b1b3a,816647,816671
6bba_337b1b3a,816671,816714
6bba_337b1b3a,816667,816698
6bba_337b1b3a,816652,816684
6bba_337b1b3a,816684,816718
6bba_337b1b3a,816718,816760
6bba_337b1b3a,816760,816781
6bba_337b1b3a,816781,816798
6bba_337b1b3a,816798,816861
6bba_337b1b3a,816861,816903
6bba_337b1b3a,816903,816942
6bba_337b1b3a,816942,816963
6bba_337b1b3a,816963,816993
6bba_337b1b3a,816993,817017
6bba_337b1b3a,817017,817034
6bba_337b1b3a,817034,817051
6bba_337b1b3a,817051,817075
6bba_337b1b3a,817075,817104
6bba_337b1b3a,817104,817155
6bba_337b1b3a,817155,817196
6bba_337b1b3a,817196,817230
6bba_337b1b3a,817230,817251
6bba_337b1b3a,817251,817304
6bba_337b1b3a,817304,817335
6bba_337b1b3a,816646,816672
6bba_337b1b3a,816672,816712
6bba_337b1b3a,816712,816756
6bba_337b1b3a,816756,816777
6bba_337b1b3a,816777,816799
6bba_337b1b3a,816799,816852
6bba_337b1b3a,816852,816893
6bba_337b1b3a,816893,816935
6bba_337b1b3a,816935,816956
6bba_337b1b3a,816956,816988
6bba_337b1b3a,816988,817006
6bba_337b1b3a,817006,817028
6bba_337b1b3a,817028,817048
6bba_337b1b3a,817048,817071
6bba_337b1b3a,816645,816675
6bba_337b1b3a,816675,816710
6bba_337b1b3a,816710,816759
6bba_337b1b3a,816759,816775
6bba_337b1b3a,816775,816807
6bba_337b1b3a,816807,816854
6bba_337b1b3a,816854,816897
6bba_337b1b3a,816897,816938
6bba_337b1b3a,816938,816962
6bba_337b1b3a,816962,816996
6bba_337b1b3a,816996,817016
6bba_337b1b3a,817058,817083
6bba_337b1b3a,817083,817108
6bba_337b1b3a,817108,817153
6bba_337b1b3a,817153,817191
6bba_337b1b3a,817191,817225
6bba_337b1b3a,817225,817258
6bba_337b1b3a,817258,817308
6bba_337b1b3a,817308,817338
6bba_337b1b3a,816643,816707
6bba_337b1b3a,816707,816750
6bba_337b1b3a,816750,816771
6bba_337b1b3a,816771,816802
6bba_337b1b3a,816802,816867
6bba_337b1b3a,816867,816912
6bba_337b1b3a,816912,816949
6bba_337b1b3a,816949,816971
6bba_337b1b3a,816664,816685
6bba_337b1b3a,816655,816689
6bba_337b1b3a,816689,816725
6bba_337b1b3a,816725,816761
6bba_337b1b3a,816815,816879
6bba_337b1b3a,816879,816915
6bba_337b1b3a,816692,816733
6bba_337b1b3a,816733,816762
6bba_337b1b3a,816680,816711
6bba_337b1b3a,816711,816767
6bba_337b1b3a,816679,816720
6bba_337b1b3a,816720,816763
6bba_337b1b3a,816683,816726
6bba_337b1b3a,816726,816765
6bba_337b1b3a,816765,816782
6bba_337b1b3a,816782,816809
6bba_337b1b3a,816668,816702
6bba_337b1b3a,816702,816751
6bba_337b1b3a,816751,816774
6bba_337b1b3a,816774,816793
6bba_337b1b3a,816793,816860
6bba_337b1b3a,816860,816896
6bba_337b1b3a,816896,816945
6bba_337b1b3a,816945,816964
6bba_337b1b3a,816964,816992
6bba_337b1b3a,816992,817005
6bba_337b1b3a,817005,817035
6bba_337b1b3a,817035,817061
6bba_337b1b3a,817061,817078
6bba_337b1b3a,817078,817106
6bba_337b1b3a,817106,817166
6bba_337b1b3a,817166,817197
6bba_337b1b3a,816701,816748
6bba_337b1b3a,816748,816769
6bba_337b1b3a,816769,816791
6bba_337b1b3a,816791,816848
6bba_337b1b3a,816848,816889
6bba_337b1b3a,816889,816928
6bba_337b1b3a,816928,816950
6bba_337b1b3a,816950,816982
6bba_337b1b3a,816982,817002
6bba_337b1b3a,817002,817022
6bba_337b1b3a,817022,817043
6bba_337b1b3a,817043,817064
6bba_337b1b3a,817064,817097
6bba_337b1b3a,817097,817147
6bba_337b1b3a,817147,817181
6bba_337b1b3a,817181,817219
6bba_337b1b3a,817219,817249
6bba_337b1b3a,817249,817295
6bba_337b1b3a,817295,817325
6bba_337b1b3a,816706,816754
6bba_337b1b3a,816754,816786
6bba_337b1b3a,816786,816813
6bba_337b1b3a,816705,816783
6bba_337b1b3a,816783,816797
6bba_337b1b3a,816797,816853
6bba_337b1b3a,816853,816900
6bba_337b1b3a,816900,816930
6bba_337b1b3a,816930,816951
6bba_337b1b3a,816951,816981
6bba_337b1b3a,816981,816999
6bba_337b1b3a,816999,817020
6bba_337b1b3a,817020,817038
6bba_337b1b3a,817038,817063
6bba_337b1b3a,817063,817092
6bba_337b1b3a,817092,817139
6bba_337b1b3a,817139,817178
6bba_337b1b3a,817178,817216
6bba_337b1b3a,817216,817242
6bba_337b1b3a,817242,817291
6bba_337b1b3a,817291,817326
6bba_337b1b3a,816703,816766
6bba_337b1b3a,816766,816784
6bba_337b1b3a,816784,816812
6bba_337b1b3a,816747,816785
6bba_337b1b3a,816785,816814
6bba_337b1b3a,816753,816780
6bba_337b1b3a,816780,816805
6bba_337b1b3a,816805,816858
6bba_337b1b3a,816858,816894
6bba_337b1b3a,816894,816936
6bba_337b1b3a,816936,816968
6bba_337b1b3a,816788,816800
6bba_337b1b3a,816800,816881
6bba_337b1b3a,816776,816796
6bba_337b1b3a,816768,816794
6bba_337b1b3a,816794,816847
6bba_337b1b3a,816790,816819
6bba_337b1b3a,816789,816803
6bba_337b1b3a,816803,816863
6bba_337b1b3a,816863,816907
6bba_337b1b3a,816907,816943
6bba_337b1b3a,816943,816965
6bba_337b1b3a,816965,816994
6bba_337b1b3a,816778,816823
6bba_337b1b3a,816823,816862
6bba_337b1b3a,816839,816875
6bba_337b1b3a,816842,816883
6bba_337b1b3a,816845,816884
6bba_337b1b3a,816818,816887
6bba_337b1b3a,816887,816909
6bba_337b1b3a,816816,816869
6bba_337b1b3a,816869,816913
6bba_337b1b3a,816834,816877
6bba_337b1b3a,816877,816901
6bba_337b1b3a,816835,816873
6bba_337b1b3a,816873,816916
6bba_337b1b3a,816831,816859
6bba_337b1b3a,816859,816890
6bba_337b1b3a,816890,816932
6bba_337b1b3a,816832,816866
6bba_337b1b3a,816866,816906
6bba_337b1b3a,816827,816876
6bba_337b1b3a,816825,816874
6bba_337b1b3a,816874,816910
6bba_337b1b3a,816910,816947
6bba_337b1b3a,816947,816976
6bba_337b1b3a,816824,816870
6bba_337b1b3a,816870,816917
6bba_337b1b3a,816822,816865
6bba_337b1b3a,816865,816914
6bba_337b1b3a,816820,816871
6bba_337b1b3a,816871,816925
6bba_337b1b3a,816833,816868
6bba_337b1b3a,816868,816902
6bba_337b1b3a,816846,816888
6bba_337b1b3a,816888,816927
6bba_337b1b3a,816927,816952
6bba_337b1b3a,816952,816980
6bba_337b1b3a,816980,816997
6bba_337b1b3a,816997,817019
6bba_337b1b3a,817019,817036
6bba_337b1b3a,817036,817062
6bba_337b1b3a,817062,817091
6bba_337b1b3a,817091,817141
6bba_337b1b3a,817141,817177
6bba_337b1b3a,817177,817215
6bba_337b1b3a,817215,817243
6bba_337b1b3a,817243,817290
6bba_337b1b3a,817290,817322
6bba_337b1b3a,817322,817348
6bba_337b1b3a,817348,817350
6bba_337b1b3a,817350,817355
6bba_337b1b3a,816886,816908
6bba_337b1b3a,816908,816941
6bba_337b1b3a,816941,816957
6bba_337b1b3a,816957,816995
6bba_337b1b3a,816995,817009
6bba_337b1b3a,817009,817031
6bba_337b1b3a,817031,817049
6bba_337b1b3a,817049,817084
6bba_337b1b3a,817084,817114
6bba_337b1b3a,817114,817168
6bba_337b1b3a,817168,817212
6bba_337b1b3a,816880,816919
6bba_337b1b3a,816919,816974
6bba_337b1b3a,816872,816920
6bba_337b1b3a,816920,816946
6bba_337b1b3a,816946,816973
6bba_337b1b3a,816904,816940
6bba_337b1b3a,816940,816959
6bba_337b1b3a,816959,816990
6bba_337b1b3a,816990,817011
6bba_337b1b3a,816944,816966
6bba_337b1b3a,816937,816958
6bba_337b1b3a,816958,816991
6bba_337b1b3a,816991,817007
6bba_337b1b3a,817007,817033
6bba_337b1b3a,817033,817047
6bba_337b1b3a,817047,817081
6bba_337b1b3a,817081,817107
6bba_337b1b3a,817107,817164
6bba_337b1b3a,817164,817193
6bba_337b1b3a,817193,817240
6bba_337b1b3a,817240,817270
6bba_337b1b3a,816931,816953
6bba_337b1b3a,816953,816984
6bba_337b1b3a,816984,817004
6bba_337b1b3a,817004,817026
6bba_337b1b3a,817026,817042
6bba_337b1b3a,817042,817069
6bba_337b1b3a,817148,817184
6bba_337b1b3a,817184,817221
6bba_337b1b3a,817221,817248
6bba_337b1b3a,817248,817296
6bba_337b1b3a,817296,817330
6bba_337b1b3a,816961,816987
6bba_337b1b3a,816987,817015
6bba_337b1b3a,817015,817030
6bba_337b1b3a,817030,817050
6bba_337b1b3a,817050,817076
6bba_337b1b3a,817076,817100
6bba_337b1b3a,817100,817149
6bba_337b1b3a,817149,817188
6bba_337b1b3a,817188,817228
6bba_337b1b3a,816954,816983
6bba_337b1b3a,816983,816998
6bba_337b1b3a,816998,817021
6bba_337b1b3a,817021,817037
6bba_337b1b3a,817037,817065
6bba_337b1b3a,817065,817089
6bba_337b1b3a,817089,817138
6bba_337b1b3a,817138,817180
6bba_337b1b3a,817180,817218
6bba_337b1b3a,817218,817245
6bba_337b1b3a,817245,817299
6bba_337b1b3a,817299,817329
6bba_337b1b3a,816989,817014
6bba_337b1b3a,817014,817025
6bba_337b1b3a,817025,817044
6bba_337b1b3a,817044,817067
6bba_337b1b3a,817154,817186
6bba_337b1b3a,817186,817234
6bba_337b1b3a,817234,817266
6bba_337b1b3a,817266,817317
6bba_337b1b3a,816985,817001
6bba_337b1b3a,817001,817024
6bba_337b1b3a,817024,817041
6bba_337b1b3a,817041,817074
6bba_337b1b3a,817161,817189
6bba_337b1b3a,817189,817235
6bba_337b1b3a,817235,817262
6bba_337b1b3a,817262,817309
6bba_337b1b3a,817003,817027
6bba_337b1b3a,817027,817040
6bba_337b1b3a,817040,817070
6bba_337b1b3a,817070,817093
6bba_337b1b3a,817093,817143
6bba_337b1b3a,817143,817182
6bba_337b1b3a,817182,817222
6bba_337b1b3a,817222,817246
6bba_337b1b3a,817008,817029
6bba_337b1b3a,817029,817045
6bba_337b1b3a,817018,817053
6bba_337b1b3a,817053,817068
6bba_337b1b3a,817068,817142
6bba_337b1b3a,817032,817046
6bba_337b1b3a,817046,817072
6bba_337b1b3a,817072,817101
6bba_337b1b3a,817101,817152
6bba_337b1b3a,817152,817204
6bba_337b1b3a,817204,817237
6bba_337b1b3a,817237,817272
6bba_337b1b3a,817272,817315
6bba_337b1b3a,817052,817080
6bba_337b1b3a,817080,817145
6bba_337b1b3a,817145,817185
6bba_337b1b3a,817185,817220
6bba_337b1b3a,817220,817252
6bba_337b1b3a,817252,817303
6bba_337b1b3a,817303,817336
6bba_337b1b3a,817054,817082
6bba_337b1b3a,817082,817122
6bba_337b1b3a,817056,817079
6bba_337b1b3a,817079,817130
6bba_337b1b3a,817130,817174
6bba_337b1b3a,817174,817213
6bba_337b1b3a,817088,817116
6bba_337b1b3a,817116,817170
6bba_337b1b3a,817170,817209
6bba_337b1b3a,817086,817109
6bba_337b1b3a,817109,817157
6bba_337b1b3a,817157,817202
6bba_337b1b3a,817202,817227
6bba_337b1b3a,817227,817259
6bba_337b1b3a,817259,817310
6bba_337b1b3a,817085,817118
6bba_337b1b3a,817118,817158
6bba_337b1b3a,817158,817201
6bba_337b1b3a,817077,817103
6bba_337b1b3a,817103,817151
6bba_337b1b3a,817113,817156
6bba_337b1b3a,817156,817194
6bba_337b1b3a,817110,817162
6bba_337b1b3a,817162,817198
6bba_337b1b3a,817198,817223
6bba_337b1b3a,817223,817250
6bba_337b1b3a,817250,817312
6bba_337b1b3a,817105,817163
6bba_337b1b3a,817098,817192
6bba_337b1b3a,817192,817268
6bba_337b1b3a,817268,817346
6bba_337b1b3a,817112,817169
6bba_337b1b3a,817136,817176
6bba_337b1b3a,817176,817195
6bba_337b1b3a,817195,817238
6bba_337b1b3a,817238,817254
6bba_337b1b3a,817254,817302
6bba_337b1b3a,817302,817341
6bba_337b1b3a,817129,817173
6bba_337b1b3a,817115,817165
6bba_337b1b3a,817165,817208
6bba_337b1b3a,817119,817172
6bba_337b1b3a,817172,817207
6bba_337b1b3a,817281,817318
6bba_337b1b3a,817318,817342
6bba_337b1b3a,817121,817167
6bba_337b1b3a,817167,817205
6bba_337b1b3a,817124,817175
6bba_337b1b3a,817125,817159
6bba_337b1b3a,817159,817200
6bba_337b1b3a,817200,817233
6bba_337b1b3a,817233,817265
6bba_337b1b3a,817265,817319
6bba_337b1b3a,817319,817345
6bba_337b1b3a,817144,817187
6bba_337b1b3a,817187,817226
6bba_337b1b3a,817226,817257
6bba_337b1b3a,817257,817306
6bba_337b1b3a,817306,817332
6bba_337b1b3a,817171,817206
6bba_337b1b3a,817206,817236
6bba_337b1b3a,817236,817263
6bba_337b1b3a,817263,817314
6bba_337b1b3a,817314,817343
6bba_337b1b3a,817199,817267
6bba_337b1b3a,817267,817313
6bba_337b1b3a,817203,817229
6bba_337b1b3a,817229,817261
6bba_337b1b3a,817261,817316
6bba_337b1b3a,817316,817339
6bba_337b1b3a,817210,817276
6bba_337b1b3a,817183,817224
6bba_337b1b3a,817224,817247
6bba_337b1b3a,817247,817301
6bba_337b1b3a,817301,817331
6bba_337b1b3a,817190,817232
6bba_337b1b3a,817232,817282
6bba_337b1b3a,817231,817255
6bba_337b1b3a,817255,817328
6bba_337b1b3a,817241,817293
6bba_337b1b3a,817293,817324
6bba_337b1b3a,817324,817347
6bba_337b1b3a,817260,817311
6bba_337b1b3a,817256,817298
6bba_337b1b3a,817298,817327
6bba_337b1b3a,817279,817320
6bba_337b1b3a,817273,817307
6bba_337b1b3a,817307,817340
6bba_337b1b3a,817297,817333
6bba_337b1b3a,817349,817360
6bba_337b1b3a,817354,817362
6bba_337b1b3a,817353,817358
6bba_337b1b3a,817352,817359
6bba_337b1b3a,817351,817357
6bba_337b1b3a,817357,817375
6bba_337b1b3a,817375,817412
6bba_337b1b3a,817412,817460
6bba_337b1b3a,817460,817487
6bba_337b1b3a,817487,817514
6bba_337b1b3a,817514,817545
6bba_337b1b3a,817545,817585
6bba_337b1b3a,817585,817617
6bba_337b1b3a,817363,817384
6bba_337b1b3a,817384,817411
6bba_337b1b3a,817411,817459
6bba_337b1b3a,817365,817386
6bba_337b1b3a,817386,817422
6bba_337b1b3a,817422,817468
6bba_337b1b3a,817468,817493
6bba_337b1b3a,817493,817535
6bba_337b1b3a,817535,817569
6bba_337b1b3a,817569,817600
6bba_337b1b3a,817600,817628
6bba_337b1b3a,817370,817393
6bba_337b1b3a,817406,817440
6bba_337b1b3a,817440,817483
6bba_337b1b3a,817407,817434
6bba_337b1b3a,817434,817477
6bba_337b1b3a,817477,817507
6bba_337b1b3a,817507,817543
6bba_337b1b3a,817543,817571
6bba_337b1b3a,817571,817607
6bba_337b1b3a,817408,817436
6bba_337b1b3a,817436,817476
6bba_337b1b3a,817476,817506
6bba_337b1b3a,817506,817525
6bba_337b1b3a,817525,817558
6bba_337b1b3a,817558,817594
6bba_337b1b3a,817594,817633
6bba_337b1b3a,817409,817454
6bba_337b1b3a,817374,817419
6bba_337b1b3a,817419,817457
6bba_337b1b3a,817457,817485
6bba_337b1b3a,817376,817448
6bba_337b1b3a,817383,817416
6bba_337b1b3a,817385,817414
6bba_337b1b3a,817414,817462
6bba_337b1b3a,817462,817500
6bba_337b1b3a,817500,817518
6bba_337b1b3a,817518,817547
6bba_337b1b3a,817547,817586
6bba_337b1b3a,817586,817623
6bba_337b1b3a,817662,817707
6bba_337b1b3a,817794,817837
6bba_337b1b3a,817387,817428
6bba_337b1b3a,817428,817479
6bba_337b1b3a,817380,817418
6bba_337b1b3a,817418,817482
6bba_337b1b3a,817482,817497
6bba_337b1b3a,817497,817540
6bba_337b1b3a,817540,817555
6bba_337b1b3a,817555,817597
6bba_337b1b3a,817597,817626
6bba_337b1b3a,817401,817439
6bba_337b1b3a,817404,817425
6bba_337b1b3a,817425,817466
6bba_337b1b3a,817466,817494
6bba_337b1b3a,817494,817526
6bba_337b1b3a,817526,817552
6bba_337b1b3a,817552,817598
6bba_337b1b3a,817598,817629
6bba_337b1b3a,817405,817438
6bba_337b1b3a,817397,817437
6bba_337b1b3a,817437,817475
6bba_337b1b3a,817528,817577
6bba_337b1b3a,817396,817421
6bba_337b1b3a,817421,817463
6bba_337b1b3a,817463,817490
6bba_337b1b3a,817490,817520
6bba_337b1b3a,817520,817562
6bba_337b1b3a,817395,817446
6bba_337b1b3a,817394,817433
6bba_337b1b3a,817392,817432
6bba_337b1b3a,817432,817480
6bba_337b1b3a,817398,817435
6bba_337b1b3a,817435,817474
6bba_337b1b3a,817400,817443
6bba_337b1b3a,817402,817445
6bba_337b1b3a,817403,817449
6bba_337b1b3a,817423,817465
6bba_337b1b3a,817465,817491
6bba_337b1b3a,817491,817517
6bba_337b1b3a,817517,817551
6bba_337b1b3a,817551,817587
6bba_337b1b3a,817587,817614
6bba_337b1b3a,817424,817478
6bba_337b1b3a,817417,817471
6bba_337b1b3a,817529,817567
6bba_337b1b3a,817567,817595
6bba_337b1b3a,817595,817632
6bba_337b1b3a,817413,817461
6bba_337b1b3a,817461,817488
6bba_337b1b3a,817488,817516
6bba_337b1b3a,817516,817550
6bba_337b1b3a,817550,817593
6bba_337b1b3a,817593,817619
6bba_337b1b3a,817450,817473
6bba_337b1b3a,817467,817496
6bba_337b1b3a,817496,817527
6bba_337b1b3a,817527,817563
6bba_337b1b3a,817563,817599
6bba_337b1b3a,817599,817622
6bba_337b1b3a,817469,817509
6bba_337b1b3a,817464,817503
6bba_337b1b3a,817503,817521
6bba_337b1b3a,817521,817553
6bba_337b1b3a,817553,817602
6bba_337b1b3a,817486,817515
6bba_337b1b3a,817515,817564
6bba_337b1b3a,817564,817590
6bba_337b1b3a,817489,817534
6bba_337b1b3a,817534,817549
6bba_337b1b3a,817549,817589
6bba_337b1b3a,817492,817524
6bba_337b1b3a,817524,817560
6bba_337b1b3a,817560,817592
6bba_337b1b3a,817495,817531
6bba_337b1b3a,817536,817554
6bba_337b1b3a,817554,817609
6bba_337b1b3a,817609,817634
6bba_337b1b3a,817523,817559
6bba_337b1b3a,817559,817582
6bba_337b1b3a,817582,817625
6bba_337b1b3a,817522,817561
6bba_337b1b3a,817561,817588
6bba_337b1b3a,817588,817624
6bba_337b1b3a,817542,817576
6bba_337b1b3a,817576,817611
6bba_337b1b3a,817541,817572
6bba_337b1b3a,817537,817544
6bba_337b1b3a,817532,817556
6bba_337b1b3a,817556,817603
6bba_337b1b3a,817579,817606
6bba_337b1b3a,817557,817605
6bba_337b1b3a,817548,817583
6bba_337b1b3a,817583,817620
6bba_337b1b3a,817570,817591
6bba_337b1b3a,817591,817621
6bba_337b1b3a,817574,817612
6bba_337b1b3a,817568,817610
6bba_337b1b3a,817566,817608
6bba_337b1b3a,817608,817635
6bba_337b1b3a,817581,817618
6bba_337b1b3a,817584,817616
6bba_337b1b3a,817596,817627
6bba_337b1b3a,817653,817687
6bba_337b1b3a,817687,817803
6bba_337b1b3a,817803,817846
6bba_337b1b3a,817639,817673
6bba_337b1b3a,817673,817734
6bba_337b1b3a,817734,817774
6bba_337b1b3a,817774,817817
6bba_337b1b3a,817641,817677
6bba_337b1b3a,817677,817731
6bba_337b1b3a,817731,817773
6bba_337b1b3a,817773,817816
6bba_337b1b3a,817642,817679
6bba_337b1b3a,817679,817736
6bba_337b1b3a,817736,817772
6bba_337b1b3a,817772,817815
6bba_337b1b3a,817815,817852
6bba_337b1b3a,817852,817890
6bba_337b1b3a,817643,817682
6bba_337b1b3a,817682,817732
6bba_337b1b3a,817732,817765
6bba_337b1b3a,817765,817808
6bba_337b1b3a,817808,817860
6bba_337b1b3a,817860,817896
6bba_337b1b3a,817644,817675
6bba_337b1b3a,817675,817730
6bba_337b1b3a,817730,817764
6bba_337b1b3a,817764,817807
6bba_337b1b3a,817807,817859
6bba_337b1b3a,817859,817894
6bba_337b1b3a,817646,817672
6bba_337b1b3a,817672,817746
6bba_337b1b3a,817746,817763
6bba_337b1b3a,817763,817806
6bba_337b1b3a,817806,817849
6bba_337b1b3a,817849,817888
6bba_337b1b3a,817647,817676
6bba_337b1b3a,817676,817735
6bba_337b1b3a,817735,817770
6bba_337b1b3a,817770,817813
6bba_337b1b3a,817648,817695
6bba_337b1b3a,817695,817744
6bba_337b1b3a,817744,817776
6bba_337b1b3a,817776,817819
6bba_337b1b3a,817819,817851
6bba_337b1b3a,817851,817905
6bba_337b1b3a,817650,817684
6bba_337b1b3a,817684,817742
6bba_337b1b3a,817829,817869
6bba_337b1b3a,817651,817689
6bba_337b1b3a,817689,817748
6bba_337b1b3a,817748,817790
6bba_337b1b3a,817790,817833
6bba_337b1b3a,817652,817685
6bba_337b1b3a,817685,817747
6bba_337b1b3a,817747,817795
6bba_337b1b3a,817795,817838
6bba_337b1b3a,817645,817681
6bba_337b1b3a,817681,817740
6bba_337b1b3a,817740,817785
6bba_337b1b3a,817785,817828
6bba_337b1b3a,817649,817701
6bba_337b1b3a,817701,817751
6bba_337b1b3a,817751,817778
6bba_337b1b3a,817778,817821
6bba_337b1b3a,817821,817885
6bba_337b1b3a,817885,817917
6bba_337b1b3a,817671,817698
6bba_337b1b3a,817698,817758
6bba_337b1b3a,817758,817788
6bba_337b1b3a,817788,817831
6bba_337b1b3a,817656,817688
6bba_337b1b3a,817688,817760
6bba_337b1b3a,817760,817793
6bba_337b1b3a,817793,817836
6bba_337b1b3a,817657,817686
6bba_337b1b3a,817686,817757
6bba_337b1b3a,817658,817697
6bba_337b1b3a,817697,817750
6bba_337b1b3a,817750,817783
6bba_337b1b3a,817783,817826
6bba_337b1b3a,817826,817882
6bba_337b1b3a,817882,817913
6bba_337b1b3a,817659,817694
6bba_337b1b3a,817694,817745
6bba_337b1b3a,817745,817787
6bba_337b1b3a,817787,817830
6bba_337b1b3a,817660,817680
6bba_337b1b3a,817680,817738
6bba_337b1b3a,817738,817771
6bba_337b1b3a,817771,817814
6bba_337b1b3a,817814,817867
6bba_337b1b3a,817867,817900
6bba_337b1b3a,817661,817699
6bba_337b1b3a,817699,817753
6bba_337b1b3a,817753,817791
6bba_337b1b3a,817791,817834
6bba_337b1b3a,817664,817705
6bba_337b1b3a,817665,817712
6bba_337b1b3a,817666,817704
6bba_337b1b3a,817704,817797
6bba_337b1b3a,817797,817840
6bba_337b1b3a,817840,817881
6bba_337b1b3a,817881,817921
6bba_337b1b3a,817668,817713
6bba_337b1b3a,817713,817804
6bba_337b1b3a,817804,817847
6bba_337b1b3a,817669,817703
6bba_337b1b3a,817703,817752
6bba_337b1b3a,817752,817781
6bba_337b1b3a,817781,817824
6bba_337b1b3a,817663,817693
6bba_337b1b3a,817693,817756
6bba_337b1b3a,817756,817801
6bba_337b1b3a,817801,817844
6bba_337b1b3a,817725,817761
6bba_337b1b3a,817761,817782
6bba_337b1b3a,817782,817825
6bba_337b1b3a,817727,817802
6bba_337b1b3a,817802,817845
6bba_337b1b3a,817700,817755
6bba_337b1b3a,817755,817789
6bba_337b1b3a,817789,817832
6bba_337b1b3a,817832,817866
6bba_337b1b3a,817866,817904
6bba_337b1b3a,817678,817729
6bba_337b1b3a,817729,817766
6bba_337b1b3a,817766,817809
6bba_337b1b3a,817692,817737
6bba_337b1b3a,817737,817775
6bba_337b1b3a,817775,817818
6bba_337b1b3a,817690,817759
6bba_337b1b3a,817759,817777
6bba_337b1b3a,817777,817820
6bba_337b1b3a,817711,817800
6bba_337b1b3a,817800,817843
6bba_337b1b3a,817714,817754
6bba_337b1b3a,817754,817784
6bba_337b1b3a,817784,817827
6bba_337b1b3a,817702,817796
6bba_337b1b3a,817796,817839
6bba_337b1b3a,817839,817868
6bba_337b1b3a,817868,817911
6bba_337b1b3a,817717,817798
6bba_337b1b3a,817798,817841
6bba_337b1b3a,817841,817872
6bba_337b1b3a,817872,817922
6bba_337b1b3a,817718,817780
6bba_337b1b3a,817780,817823
6bba_337b1b3a,817733,817768
6bba_337b1b3a,817768,817811
6bba_337b1b3a,817741,817767
6bba_337b1b3a,817767,817810
6bba_337b1b3a,817743,817779
6bba_337b1b3a,817779,817822
6bba_337b1b3a,817792,817835
6bba_337b1b3a,817799,817842
6bba_337b1b3a,817805,817848
6bba_337b1b3a,817873,817916
6bba_337b1b3a,817875,817927
6bba_337b1b3a,817876,817928
6bba_337b1b3a,817878,817926
6bba_337b1b3a,817879,817920
6bba_337b1b3a,817883,817929
6bba_337b1b3a,817929,817942
6bba_337b1b3a,817942,818002
6bba_337b1b3a,818002,818062
6bba_337b1b3a,818062,818156
6bba_337b1b3a,818156,818257
6bba_337b1b3a,818257,818329
6bba_337b1b3a,818329,818405
6bba_337b1b3a,818405,818446
6bba_337b1b3a,818446,818550
6bba_337b1b3a,817854,817889
6bba_337b1b3a,817863,817891
6bba_337b1b3a,817891,818043
6bba_337b1b3a,818043,818109
6bba_337b1b3a,818109,818187
6bba_337b1b3a,818187,818288
6bba_337b1b3a,818288,818351
6bba_337b1b3a,817865,817930
6bba_337b1b3a,817892,817984
6bba_337b1b3a,817984,818050
6bba_337b1b3a,818050,818121
6bba_337b1b3a,818121,818204
6bba_337b1b3a,817925,817987
6bba_337b1b3a,817987,818040
6bba_337b1b3a,818040,818104
6bba_337b1b3a,818104,818188
6bba_337b1b3a,818188,818278
6bba_337b1b3a,818278,818339
6bba_337b1b3a,818339,818417
6bba_337b1b3a,818417,818459
6bba_337b1b3a,818459,818553
6bba_337b1b3a,817931,817947
6bba_337b1b3a,817947,817990
6bba_337b1b3a,817990,818055
6bba_337b1b3a,818055,818140
6bba_337b1b3a,818302,818378
6bba_337b1b3a,818378,818431
6bba_337b1b3a,817933,817943
6bba_337b1b3a,817943,817988
6bba_337b1b3a,817988,818053
6bba_337b1b3a,818053,818144
6bba_337b1b3a,818144,818235
6bba_337b1b3a,818235,818307
6bba_337b1b3a,818307,818385
6bba_337b1b3a,818385,818439
6bba_337b1b3a,817937,818000
6bba_337b1b3a,818000,818111
6bba_337b1b3a,817960,818021
6bba_337b1b3a,818021,818081
6bba_337b1b3a,818081,818193
6bba_337b1b3a,818193,818276
6bba_337b1b3a,818276,818350
6bba_337b1b3a,818350,818418
6bba_337b1b3a,818418,818480
6bba_337b1b3a,817939,817992
6bba_337b1b3a,817992,818058
6bba_337b1b3a,818058,818157
6bba_337b1b3a,818157,818244
6bba_337b1b3a,818244,818311
6bba_337b1b3a,818311,818400
6bba_337b1b3a,818400,818441
6bba_337b1b3a,818441,818526
6bba_337b1b3a,817940,817999
6bba_337b1b3a,817999,818072
6bba_337b1b3a,818072,818153
6bba_337b1b3a,818153,818239
6bba_337b1b3a,818239,818305
6bba_337b1b3a,818305,818382
6bba_337b1b3a,818382,818438
6bba_337b1b3a,818438,818527
6bba_337b1b3a,817941,817995
6bba_337b1b3a,817995,818064
6bba_337b1b3a,818252,818319
6bba_337b1b3a,818319,818388
6bba_337b1b3a,818388,818452
6bba_337b1b3a,817944,817991
6bba_337b1b3a,817991,818052
6bba_337b1b3a,818052,818142
6bba_337b1b3a,818142,818234
6bba_337b1b3a,818234,818300
6bba_337b1b3a,818300,818383
6bba_337b1b3a,818383,818434
6bba_337b1b3a,817945,818009
6bba_337b1b3a,818009,818132
6bba_337b1b3a,817948,818011
6bba_337b1b3a,818011,818082
6bba_337b1b3a,817959,818006
6bba_337b1b3a,818006,818085
6bba_337b1b3a,818085,818185
6bba_337b1b3a,818185,818260
6bba_337b1b3a,818260,818325
6bba_337b1b3a,818325,818415
6bba_337b1b3a,818415,818454
6bba_337b1b3a,817957,818018
6bba_337b1b3a,818018,818079
6bba_337b1b3a,818079,818151
6bba_337b1b3a,818151,818246
6bba_337b1b3a,818246,818321
6bba_337b1b3a,818321,818408
6bba_337b1b3a,818408,818447
6bba_337b1b3a,818447,818539
6bba_337b1b3a,818539,818601
6bba_337b1b3a,817955,817998
6bba_337b1b3a,817998,818061
6bba_337b1b3a,818061,818155
6bba_337b1b3a,818155,818238
6bba_337b1b3a,818238,818304
6bba_337b1b3a,818304,818391
6bba_337b1b3a,818391,818432
6bba_337b1b3a,817954,817997
6bba_337b1b3a,817997,818059
6bba_337b1b3a,818059,818147
6bba_337b1b3a,818147,818241
6bba_337b1b3a,818241,818308
6bba_337b1b3a,818308,818384
6bba_337b1b3a,818384,818437
6bba_337b1b3a,817953,818014
6bba_337b1b3a,818014,818080
6bba_337b1b3a,818080,818169
6bba_337b1b3a,818169,818259
6bba_337b1b3a,817951,818008
6bba_337b1b3a,818008,818077
6bba_337b1b3a,817950,818005
6bba_337b1b3a,818005,818068
6bba_337b1b3a,818068,818150
6bba_337b1b3a,818150,818249
6bba_337b1b3a,818249,818324
6bba_337b1b3a,818324,818407
6bba_337b1b3a,818407,818461
6bba_337b1b3a,817949,818015
6bba_337b1b3a,818015,818069
6bba_337b1b3a,818069,818146
6bba_337b1b3a,818146,818262
6bba_337b1b3a,818262,818323
6bba_337b1b3a,818323,818395
6bba_337b1b3a,818395,818445
6bba_337b1b3a,817936,817996
6bba_337b1b3a,817996,818089
6bba_337b1b3a,818089,818172
6bba_337b1b3a,818172,818277
6bba_337b1b3a,818277,818345
6bba_337b1b3a,818345,818421
6bba_337b1b3a,818421,818482
6bba_337b1b3a,817974,818030
6bba_337b1b3a,818030,818096
6bba_337b1b3a,817972,818037
6bba_337b1b3a,818037,818103
6bba_337b1b3a,818103,818200
6bba_337b1b3a,818200,818294
6bba_337b1b3a,818294,818356
6bba_337b1b3a,817971,818070
6bba_337b1b3a,818070,818166
6bba_337b1b3a,818166,818268
6bba_337b1b3a,818268,818327
6bba_337b1b3a,818327,818420
6bba_337b1b3a,818420,818458
6bba_337b1b3a,817970,818033
6bba_337b1b3a,818033,818088
6bba_337b1b3a,818088,818159
6bba_337b1b3a,818159,818250
6bba_337b1b3a,818250,818331
6bba_337b1b3a,818331,818406
6bba_337b1b3a,818406,818456
6bba_337b1b3a,818456,818551
6bba_337b1b3a,817969,818012
6bba_337b1b3a,818012,818084
6bba_337b1b3a,818084,818168
6bba_337b1b3a,818168,818263
6bba_337b1b3a,818263,818335
6bba_337b1b3a,818335,818397
6bba_337b1b3a,818397,818451
6bba_337b1b3a,817967,818017
6bba_337b1b3a,818017,818073
6bba_337b1b3a,818073,818158
6bba_337b1b3a,818158,818243
6bba_337b1b3a,818243,818316
6bba_337b1b3a,818316,818389
6bba_337b1b3a,818389,818466
6bba_337b1b3a,818466,818535
6bba_337b1b3a,818535,818578
6bba_337b1b3a,818578,818612
6bba_337b1b3a,818612,818626
6bba_337b1b3a,818626,818644
6bba_337b1b3a,818644,818681
6bba_337b1b3a,818681,818712
6bba_337b1b3a,818712,818743
6bba_337b1b3a,818743,818767
6bba_337b1b3a,818767,818809
6bba_337b1b3a,818809,818853
6bba_337b1b3a,818853,818875
6bba_337b1b3a,817966,818022
6bba_337b1b3a,818022,818076
6bba_337b1b3a,818254,818332
6bba_337b1b3a,818332,818394
6bba_337b1b3a,818394,818448
6bba_337b1b3a,817964,818016
6bba_337b1b3a,818016,818075
6bba_337b1b3a,818075,818174
6bba_337b1b3a,818174,818271
6bba_337b1b3a,818271,818360
6bba_337b1b3a,817962,818019
6bba_337b1b3a,818019,818087
6bba_337b1b3a,818087,818165
6bba_337b1b3a,818165,818272
6bba_337b1b3a,818272,818340
6bba_337b1b3a,818340,818399
6bba_337b1b3a,818399,818460
6bba_337b1b3a,818460,818546
6bba_337b1b3a,818546,818593
6bba_337b1b3a,817976,818034
6bba_337b1b3a,818034,818095
6bba_337b1b3a,818095,818194
6bba_337b1b3a,818194,818274
6bba_337b1b3a,818274,818349
6bba_337b1b3a,818470,818556
6bba_337b1b3a,817979,818045
6bba_337b1b3a,818045,818097
6bba_337b1b3a,818097,818170
6bba_337b1b3a,818170,818242
6bba_337b1b3a,818242,818315
6bba_337b1b3a,818315,818404
6bba_337b1b3a,818404,818440
6bba_337b1b3a,818440,818531
6bba_337b1b3a,817981,818026
6bba_337b1b3a,818026,818092
6bba_337b1b3a,818092,818171
6bba_337b1b3a,818171,818258
6bba_337b1b3a,818258,818314
6bba_337b1b3a,818314,818387
6bba_337b1b3a,818387,818449
6bba_337b1b3a,818449,818537
6bba_337b1b3a,817983,818048
6bba_337b1b3a,818048,818090
6bba_337b1b3a,818090,818148
6bba_337b1b3a,818148,818251
6bba_337b1b3a,818251,818334
6bba_337b1b3a,818334,818429
6bba_337b1b3a,818429,818503
6bba_337b1b3a,817986,818041
6bba_337b1b3a,818041,818100
6bba_337b1b3a,818100,818201
6bba_337b1b3a,818044,818108
6bba_337b1b3a,818108,818191
6bba_337b1b3a,818191,818273
6bba_337b1b3a,818273,818347
6bba_337b1b3a,818347,818410
6bba_337b1b3a,818410,818481
6bba_337b1b3a,818481,818564
6bba_337b1b3a,818046,818110
6bba_337b1b3a,818293,818366
6bba_337b1b3a,818366,818426
6bba_337b1b3a,818426,818486
6bba_337b1b3a,818581,818608
6bba_337b1b3a,818608,818627
6bba_337b1b3a,818627,818642
6bba_337b1b3a,818642,818686
6bba_337b1b3a,818051,818105
6bba_337b1b3a,818001,818057
6bba_337b1b3a,818057,818196
6bba_337b1b3a,818196,818286
6bba_337b1b3a,818286,818328
6bba_337b1b3a,818328,818425
6bba_337b1b3a,818425,818462
6bba_337b1b3a,817993,818056
6bba_337b1b3a,818056,818145
6bba_337b1b3a,818145,818233
6bba_337b1b3a,818233,818310
6bba_337b1b3a,818310,818386
6bba_337b1b3a,818386,818450
6bba_337b1b3a,817989,818054
6bba_337b1b3a,818054,818141
6bba_337b1b3a,818141,818232
6bba_337b1b3a,818232,818301
6bba_337b1b3a,818301,818379
6bba_337b1b3a,818379,818433
6bba_337b1b3a,818433,818528
6bba_337b1b3a,818007,818065
6bba_337b1b3a,818065,818164
6bba_337b1b3a,818164,818245
6bba_337b1b3a,818245,818317
6bba_337b1b3a,818317,818398
6bba_337b1b3a,818398,818443
6bba_337b1b3a,818010,818060
6bba_337b1b3a,818237,818312
6bba_337b1b3a,818312,818381
6bba_337b1b3a,818381,818442
6bba_337b1b3a,818038,818091
6bba_337b1b3a,818091,818173
6bba_337b1b3a,818173,818281
6bba_337b1b3a,818042,818112
6bba_337b1b3a,818112,818198
6bba_337b1b3a,818198,818289
6bba_337b1b3a,818289,818359
6bba_337b1b3a,818359,818409
6bba_337b1b3a,818409,818473
6bba_337b1b3a,818473,818572
6bba_337b1b3a,818029,818098
6bba_337b1b3a,818098,818167
6bba_337b1b3a,818167,818270
6bba_337b1b3a,818032,818107
6bba_337b1b3a,818027,818102
6bba_337b1b3a,818102,818199
6bba_337b1b3a,818199,818295
6bba_337b1b3a,818295,818355
6bba_337b1b3a,818355,818422
6bba_337b1b3a,818422,818490
6bba_337b1b3a,818025,818094
6bba_337b1b3a,818094,818207
6bba_337b1b3a,818207,818298
6bba_337b1b3a,818298,818373
6bba_337b1b3a,818036,818093
6bba_337b1b3a,818093,818180
6bba_337b1b3a,818180,818275
6bba_337b1b3a,818275,818342
6bba_337b1b3a,818342,818412
6bba_337b1b3a,818412,818471
6bba_337b1b3a,818118,818220
6bba_337b1b3a,818127,818203
6bba_337b1b3a,818203,818291
6bba_337b1b3a,818291,818364
6bba_337b1b3a,818126,818212
6bba_337b1b3a,818376,818508
6bba_337b1b3a,818123,818229
6bba_337b1b3a,818130,818208
6bba_337b1b3a,818374,818500
6bba_337b1b3a,818120,818206
6bba_337b1b3a,818206,818264
6bba_337b1b3a,818264,818320
6bba_337b1b3a,818320,818401
6bba_337b1b3a,818401,818479
6bba_337b1b3a,818067,818179
6bba_337b1b3a,818179,818261
6bba_337b1b3a,818261,818330
6bba_337b1b3a,818330,818390
6bba_337b1b3a,818390,818455
6bba_337b1b3a,818066,818162
6bba_337b1b3a,818162,818256
6bba_337b1b3a,818256,818322
6bba_337b1b3a,818063,818160
6bba_337b1b3a,818160,818285
6bba_337b1b3a,818285,818348
6bba_337b1b3a,818074,818161
6bba_337b1b3a,818161,818247
6bba_337b1b3a,818247,818326
6bba_337b1b3a,818326,818419
6bba_337b1b3a,818419,818474
6bba_337b1b3a,818086,818182
6bba_337b1b3a,818182,818265
6bba_337b1b3a,818265,818343
6bba_337b1b3a,818343,818411
6bba_337b1b3a,818411,818491
6bba_337b1b3a,818491,818561
6bba_337b1b3a,818078,818178
6bba_337b1b3a,818178,818230
6bba_337b1b3a,818230,818309
6bba_337b1b3a,818133,818228
6bba_337b1b3a,818131,818226
6bba_337b1b3a,818114,818215
6bba_337b1b3a,818215,818375
6bba_337b1b3a,818375,818488
6bba_337b1b3a,818116,818211
6bba_337b1b3a,818211,818290
6bba_337b1b3a,818290,818372
6bba_337b1b3a,818101,818190
6bba_337b1b3a,818190,818266
6bba_337b1b3a,818266,818337
6bba_337b1b3a,818337,818430
6bba_337b1b3a,818430,818457
6bba_337b1b3a,818457,818554
6bba_337b1b3a,818099,818184
6bba_337b1b3a,818184,818240
6bba_337b1b3a,818240,818318
6bba_337b1b3a,818318,818402
6bba_337b1b3a,818402,818465
6bba_337b1b3a,818129,818216
6bba_337b1b3a,818138,818221
6bba_337b1b3a,818137,818214
6bba_337b1b3a,818358,818489
6bba_337b1b3a,818135,818219
6bba_337b1b3a,818183,818255
6bba_337b1b3a,818255,818313
6bba_337b1b3a,818313,818392
6bba_337b1b3a,818163,818253
6bba_337b1b3a,818253,818346
6bba_337b1b3a,818210,818368
6bba_337b1b3a,818368,818512
6bba_337b1b3a,818195,818269
6bba_337b1b3a,818269,818336
6bba_337b1b3a,818336,818396
6bba_337b1b3a,818396,818464
6bba_337b1b3a,818464,818536
6bba_337b1b3a,818536,818585
6bba_337b1b3a,818629,818661
6bba_337b1b3a,818661,818698
6bba_337b1b3a,818698,818728
6bba_337b1b3a,818782,818826
6bba_337b1b3a,818231,818303
6bba_337b1b3a,818303,818380
6bba_337b1b3a,818380,818436
6bba_337b1b3a,818436,818568
6bba_337b1b3a,818283,818354
6bba_337b1b3a,818354,818423
6bba_337b1b3a,818423,818517
6bba_337b1b3a,818284,818352
6bba_337b1b3a,818267,818333
6bba_337b1b3a,818333,818393
6bba_337b1b3a,818393,818469
6bba_337b1b3a,818469,818558
6bba_337b1b3a,818280,818357
6bba_337b1b3a,818357,818428
6bba_337b1b3a,818428,818501
6bba_337b1b3a,818306,818377
6bba_337b1b3a,818377,818444
6bba_337b1b3a,818365,818414
6bba_337b1b3a,818414,818476
6bba_337b1b3a,818468,818570
6bba_337b1b3a,818463,818541
6bba_337b1b3a,818492,818566
6bba_337b1b3a,818484,818559
6bba_337b1b3a,818478,818563
6bba_337b1b3a,818532,818599
6bba_337b1b3a,818575,818604
6bba_337b1b3a,818604,818613
6bba_337b1b3a,818613,818633
6bba_337b1b3a,818633,818677
6bba_337b1b3a,818582,818611
6bba_337b1b3a,818611,818623
6bba_337b1b3a,818623,818636
6bba_337b1b3a,818636,818683
6bba_337b1b3a,818683,818715
6bba_337b1b3a,818715,818739
6bba_337b1b3a,818739,818764
6bba_337b1b3a,818764,818808
6bba_337b1b3a,818808,818852
6bba_337b1b3a,818852,818870
6bba_337b1b3a,818576,818606
6bba_337b1b3a,818606,818618
6bba_337b1b3a,818618,818643
6bba_337b1b3a,818643,818685
6bba_337b1b3a,818685,818714
6bba_337b1b3a,818714,818742
6bba_337b1b3a,818742,818758
6bba_337b1b3a,818758,818805
6bba_337b1b3a,818805,818857
6bba_337b1b3a,818857,818872
6bba_337b1b3a,818592,818609
6bba_337b1b3a,818620,818647
6bba_337b1b3a,818647,818693
6bba_337b1b3a,818693,818718
6bba_337b1b3a,818718,818747
6bba_337b1b3a,818747,818773
6bba_337b1b3a,818773,818814
6bba_337b1b3a,818619,818637
6bba_337b1b3a,818637,818687
6bba_337b1b3a,818687,818721
6bba_337b1b3a,818721,818752
6bba_337b1b3a,818752,818780
6bba_337b1b3a,818780,818818
6bba_337b1b3a,818617,818641
6bba_337b1b3a,818641,818689
6bba_337b1b3a,818689,818708
6bba_337b1b3a,818708,818736
6bba_337b1b3a,818736,818756
6bba_337b1b3a,818756,818800
6bba_337b1b3a,818800,818847
6bba_337b1b3a,818847,818866
6bba_337b1b3a,818615,818638
6bba_337b1b3a,818614,818635
6bba_337b1b3a,818622,818639
6bba_337b1b3a,818639,818679
6bba_337b1b3a,818679,818717
6bba_337b1b3a,818717,818741
6bba_337b1b3a,818741,818761
6bba_337b1b3a,818761,818813
6bba_337b1b3a,818813,818856
6bba_337b1b3a,818856,818871
6bba_337b1b3a,818625,818648
6bba_337b1b3a,818648,818684
6bba_337b1b3a,818684,818716
6bba_337b1b3a,818716,818748
6bba_337b1b3a,818748,818776
6bba_337b1b3a,818776,818819
6bba_337b1b3a,818624,818669
6bba_337b1b3a,818669,818702
6bba_337b1b3a,818621,818645
6bba_337b1b3a,818645,818678
6bba_337b1b3a,818678,818709
6bba_337b1b3a,818709,818738
6bba_337b1b3a,818738,818760
6bba_337b1b3a,818760,818804
6bba_337b1b3a,818804,818849
6bba_337b1b3a,818849,818867
6bba_337b1b3a,818632,818660
6bba_337b1b3a,818630,818654
6bba_337b1b3a,818654,818690
6bba_337b1b3a,818690,818720
6bba_337b1b3a,818720,818749
6bba_337b1b3a,818628,818651
6bba_337b1b3a,818651,818692
6bba_337b1b3a,818692,818732
6bba_337b1b3a,818783,818817
6bba_337b1b3a,818817,818863
6bba_337b1b3a,818631,818658
6bba_337b1b3a,818658,818705
6bba_337b1b3a,818649,818691
6bba_337b1b3a,818691,818723
6bba_337b1b3a,818723,818750
6bba_337b1b3a,818750,818788
6bba_337b1b3a,818788,818834
6bba_337b1b3a,818650,818700
6bba_337b1b3a,818652,818695
6bba_337b1b3a,818695,818730
6bba_337b1b3a,818730,818754
6bba_337b1b3a,818754,818779
6bba_337b1b3a,818779,818822
6bba_337b1b3a,818640,818680
6bba_337b1b3a,818680,818719
6bba_337b1b3a,818719,818740
6bba_337b1b3a,818740,818759
6bba_337b1b3a,818759,818811
6bba_337b1b3a,818653,818697
6bba_337b1b3a,818697,818726
6bba_337b1b3a,818726,818744
6bba_337b1b3a,818744,818763
6bba_337b1b3a,818763,818812
6bba_337b1b3a,818655,818694
6bba_337b1b3a,818694,818724
6bba_337b1b3a,818724,818751
6bba_337b1b3a,818751,818774
6bba_337b1b3a,818774,818823
6bba_337b1b3a,818656,818696
6bba_337b1b3a,818696,818722
6bba_337b1b3a,818722,818753
6bba_337b1b3a,818753,818762
6bba_337b1b3a,818762,818802
6bba_337b1b3a,818802,818861
6bba_337b1b3a,818861,818873
6bba_337b1b3a,818659,818701
6bba_337b1b3a,818701,818734
6bba_337b1b3a,818662,818703
6bba_337b1b3a,818703,818727
6bba_337b1b3a,818778,818825
6bba_337b1b3a,818663,818704
6bba_337b1b3a,818682,818711
6bba_337b1b3a,818711,818737
6bba_337b1b3a,818737,818757
6bba_337b1b3a,818757,818810
6bba_337b1b3a,818810,818858
6bba_337b1b3a,818710,818746
6bba_337b1b3a,818746,818784
6bba_337b1b3a,818784,818840
6bba_337b1b3a,818733,818786
6bba_337b1b3a,818786,818837
6bba_337b1b3a,818745,818772
6bba_337b1b3a,818772,818821
6bba_337b1b3a,818821,818860
6bba_337b1b3a,818735,818755
6bba_337b1b3a,818775,818830
6bba_337b1b3a,818765,818845
6bba_337b1b3a,818845,818862
6bba_337b1b3a,818771,818839
6bba_337b1b3a,818839,818859
6bba_337b1b3a,818769,818803
6bba_337b1b3a,818768,818801
6bba_337b1b3a,818801,818851
6bba_337b1b3a,818766,818799
6bba_337b1b3a,818799,818846
6bba_337b1b3a,818846,818865
6bba_337b1b3a,818796,818838
6bba_337b1b3a,818794,818829
6bba_337b1b3a,818792,818836
6bba_337b1b3a,818791,818833
6bba_337b1b3a,818789,818842
6bba_337b1b3a,818785,818828
6bba_337b1b3a,818781,818843
6bba_337b1b3a,818777,818815
6bba_337b1b3a,818815,818855
6bba_337b1b3a,818820,818869
6bba_337b1b3a,818807,818848
6bba_337b1b3a,818848,818868
